331
1 -10 -30
1 -10 0
1 -10 40
1 -100 -25
1 -100 -30
1 -100 -50
1 -100 -55
1 -15 -30
1 -15 -50
1 -15 -55
1 -15 -60
1 -15 -65
1 -15 -70
1 -20 -30
1 -20 -50
1 -20 -55
1 -20 -60
1 -20 -65
1 -20 -70
1 -25 -30
1 -25 -50
1 -25 -55
1 -25 20
1 -25 60
1 -30 -25
1 -30 -30
1 -30 -50
1 -30 -55
1 -30 20
1 -30 60
1 -35 -10
1 -35 -15
1 -35 -20
1 -35 -25
1 -35 -30
1 -35 -5
1 -35 -50
1 -35 -55
1 -35 0
1 -35 10
1 -35 15
1 -35 20
1 -35 25
1 -35 30
1 -35 35
1 -35 40
1 -35 45
1 -35 5
1 -35 50
1 -35 55
1 -35 60
1 -35 65
1 -35 70
1 -40 -10
1 -40 -15
1 -40 -20
1 -40 -25
1 -40 -30
1 -40 -5
1 -40 -50
1 -40 -55
1 -40 0
1 -40 10
1 -40 15
1 -40 20
1 -40 25
1 -40 30
1 -40 35
1 -40 40
1 -40 45
1 -40 5
1 -40 50
1 -40 55
1 -40 60
1 -40 65
1 -40 70
1 -45 -25
1 -45 -30
1 -45 -50
1 -45 -55
1 -5 -30
1 -5 0
1 -5 40
1 -50 -25
1 -50 -30
1 -50 -50
1 -50 -55
1 -55 -25
1 -55 -30
1 -55 -50
1 -55 -55
1 -60 -25
1 -60 -30
1 -60 -50
1 -60 -55
1 -65 -25
1 -65 -30
1 -65 -50
1 -65 -55
1 -70 -10
1 -70 -15
1 -70 -20
1 -70 -25
1 -70 -30
1 -70 -5
1 -70 -50
1 -70 -55
1 -70 0
1 -70 20
1 -70 25
1 -70 30
1 -70 35
1 -70 40
1 -70 45
1 -70 50
1 -70 55
1 -70 60
1 -70 65
1 -70 70
1 -75 -25
1 -75 -30
1 -75 -50
1 -75 -55
1 -75 0
1 -75 20
1 -75 70
1 -80 -25
1 -80 -30
1 -80 -50
1 -80 -55
1 -80 0
1 -80 20
1 -80 70
1 -85 -25
1 -85 -30
1 -85 -50
1 -85 -55
1 -85 0
1 -85 20
1 -85 70
1 -90 -25
1 -90 -30
1 -90 -50
1 -90 -55
1 -90 0
1 -90 20
1 -90 70
1 -95 -25
1 -95 -30
1 -95 -50
1 -95 -55
1 -95 0
1 -95 20
1 -95 70
1 0 -10
1 0 -15
1 0 -20
1 0 -25
1 0 -30
1 0 -5
1 0 0
1 0 10
1 0 15
1 0 20
1 0 25
1 0 30
1 0 35
1 0 40
1 0 45
1 0 5
1 0 50
1 0 55
1 0 60
1 0 65
1 0 70
1 10 -30
1 10 -50
1 10 -55
1 10 -60
1 10 -65
1 10 -70
1 10 0
1 10 40
1 100 -25
1 100 -30
1 100 -50
1 100 -55
1 15 -30
1 15 -50
1 15 -55
1 15 -60
1 15 -65
1 15 -70
1 20 -30
1 20 -50
1 20 -55
1 25 -30
1 25 -50
1 25 -55
1 25 20
1 25 60
1 30 -25
1 30 -30
1 30 -50
1 30 -55
1 30 20
1 30 60
1 35 -10
1 35 -15
1 35 -20
1 35 -25
1 35 -30
1 35 -5
1 35 -50
1 35 -55
1 35 0
1 35 10
1 35 15
1 35 20
1 35 25
1 35 30
1 35 35
1 35 40
1 35 45
1 35 5
1 35 50
1 35 55
1 35 60
1 35 65
1 35 70
1 40 -10
1 40 -15
1 40 -20
1 40 -25
1 40 -30
1 40 -5
1 40 -50
1 40 -55
1 40 0
1 40 10
1 40 15
1 40 20
1 40 25
1 40 30
1 40 35
1 40 40
1 40 45
1 40 5
1 40 50
1 40 55
1 40 60
1 40 65
1 40 70
1 45 -25
1 45 -30
1 45 -50
1 45 -55
1 5 -30
1 5 0
1 5 40
1 50 -25
1 50 -30
1 50 -50
1 50 -55
1 55 -25
1 55 -30
1 55 -50
1 55 -55
1 60 -25
1 60 -30
1 60 -50
1 60 -55
1 65 -25
1 65 -30
1 65 -50
1 65 -55
1 70 -10
1 70 -15
1 70 -20
1 70 -25
1 70 -30
1 70 -5
1 70 -50
1 70 -55
1 70 0
1 70 20
1 70 25
1 70 30
1 70 35
1 70 40
1 70 45
1 70 50
1 70 55
1 70 60
1 70 65
1 70 70
1 75 -25
1 75 -30
1 75 -50
1 75 -55
1 75 0
1 75 20
1 75 70
1 80 -25
1 80 -30
1 80 -50
1 80 -55
1 80 0
1 80 20
1 80 70
1 85 -25
1 85 -30
1 85 -50
1 85 -55
1 85 0
1 85 20
1 85 70
1 90 -25
1 90 -30
1 90 -50
1 90 -55
1 90 0
1 90 20
1 90 70
1 95 -25
1 95 -30
1 95 -50
1 95 -55
1 95 0
1 95 20
1 95 70
