217
0 10 -75
0 10 -80
0 10 -85
0 10 -90
0 10 -95
0 15 -75
0 15 -80
0 15 -85
0 15 -90
0 15 -95
0 -15 -75
0 -15 -80
0 -15 -85
0 -15 -90
0 -15 -95
0 -20 -75
0 -20 -80
0 -20 -85
0 -20 -90
0 -20 -95
0 0 5
0 0 10
0 0 15
0 0 20
0 0 25
0 0 30
0 0 35
0 5 5
0 5 10
0 5 15
0 5 20
0 5 25
0 5 30
0 5 35
0 -5 5
0 -5 10
0 -5 15
0 -5 20
0 -5 25
0 -5 30
0 -5 35
0 5 0
0 -5 0
0 -98 -100
0 -98 -95
0 -98 -90
0 -98 -85
0 -98 -80
0 -98 -75
0 -98 -70
0 -98 -65
0 -98 -60
0 -98 -55
0 -98 -50
0 -98 -45
0 -98 -40
0 -98 -35
0 -98 -30
0 -98 -25
0 -98 -20
0 -98 -15
0 -98 -10
0 -98 -5
0 -98 0
0 -98 5
0 -98 10
0 -98 15
0 -98 20
0 -98 25
0 -98 30
0 -98 35
0 -98 40
0 -98 45
0 -98 50
0 -98 55
0 -98 60
0 -98 65
0 -98 70
0 -98 75
0 -98 80
0 -98 85
0 -98 90
0 -98 95
0 -98 100
0 -100 94
0 -95 94
0 -90 94
0 -85 94
0 -80 94
0 -75 94
0 -70 94
0 -65 94
0 -60 94
0 -55 94
0 -50 94
0 -45 94
0 -40 94
0 -35 94
0 -30 94
0 -25 94
0 -20 94
0 -15 94
0 -10 94
0 -5 94
0 0 94
0 5 94
0 10 94
0 15 94
0 20 94
0 25 94
0 30 94
0 35 94
0 40 94
0 45 94
0 50 94
0 55 94
0 60 94
0 65 94
0 70 94
0 75 94
0 80 94
0 85 94
0 90 94
0 95 94
0 100 94
0 94 -100
0 94 -95
0 94 -90
0 94 -85
0 94 -80
0 94 -75
0 94 -70
0 94 -65
0 94 -60
0 94 -55
0 94 -50
0 94 -45
0 94 -40
0 94 -35
0 94 -30
0 94 -25
0 94 -20
0 94 -15
0 94 -10
0 94 -5
0 94 0
0 94 5
0 94 10
0 94 15
0 94 20
0 94 25
0 94 30
0 94 35
0 94 40
0 94 45
0 94 50
0 94 55
0 94 60
0 94 65
0 94 70
0 94 75
0 94 80
0 94 85
0 94 90
0 94 95
0 94 100
0 -100 -98
0 -95 -98
0 -90 -98
0 -85 -98
0 -80 -98
0 -75 -98
0 -70 -98
0 -65 -98
0 -60 -98
0 -55 -98
0 -50 -98
0 -45 -98
0 -40 -98
0 -35 -98
0 -30 -98
0 -25 -98
0 -20 -98
0 -15 -98
0 -10 -98
0 -5 -98
0 0 -98
0 5 -98
0 10 -98
0 15 -98
0 20 -98
0 25 -98
0 30 -98
0 35 -98
0 40 -98
0 45 -98
0 50 -98
0 55 -98
0 60 -98
0 65 -98
0 70 -98
0 75 -98
0 80 -98
0 85 -98
0 90 -98
0 95 -98
0 -70 80
0 -70 85
0 -70 90
0 -70 95
0 -70 75
0 70 80
0 70 85
0 70 90
0 70 95
0 70 75